7530-426576
OS REV: 1.03 Sensor Cal: 1526022000 formatted column names to be compatible with R
Time_sec,  Bat_Volts,   T_deg_C,  PAR_umol_s_m_2,  Ax_g, Ay_g, Az_g
1606870920, +3.03, +18.714,  +9.33742,  +0.926,  -0.596,  +0.585
1606870925, +3.52, +15.872, +16.42404,  +1.193,  -0.088,  +0.310
1606870930, +3.52, +15.855, +21.59049,  +1.151,  -0.049,  +0.304
1606870935, +3.52, +15.872, +423.81165,  +1.208,  -0.205,  +0.444
1606870940, +3.52, +15.906, +397.65236,  +1.120,  -0.124,  +0.308
1606870945, +3.52, +15.932, +376.01747,  +1.103,  -0.100,  +0.344
1606870950, +3.52, +15.932, +394.07005,  +1.120,  -0.103,  +0.318
1606870955, +3.52, +15.940, +449.52989,  +1.096,  -0.089,  +0.384
1606870960, +3.52, +15.940, +447.45371,  +1.103,  -0.089,  +0.359
1606870965, +3.52, +15.932, +400.60162,  +1.119,  -0.105,  +0.320
1606870970, +3.52, +15.966, +407.24420,  +1.105,  -0.106,  +0.276
1606870975, +3.52, +15.898, +409.70741,  +1.107,  -0.104,  +0.252
1606870980, +3.52, +15.923, +406.62914,  +1.103,  -0.136,  +0.303
1606870985, +3.52, +15.906, +417.23807,  +1.112,  -0.109,  +0.294
1606870990, +3.52, +15.881, +409.03235,  +1.112,  -0.130,  +0.248
1606870995, +3.52, +15.838, +1001.01410,  +1.116,  -0.103,  +0.243
1606871000, +3.52, +15.821, +1202.45171,  +1.111,  -0.121,  +0.216
1606871005, +3.52, +15.787, +1104.09411,  +1.112,  -0.151,  +0.284
1606871010, +3.52, +15.752, +1073.88447,  +1.095,  -0.157,  +0.287
1606871015, +3.52, +15.693, +1072.29733,  +1.118,  -0.105,  +0.248
1606871020, +3.52, +15.693, +1076.25168,  +1.113,  -0.125,  +0.214
1606871025, +3.52, +15.641, +1081.02810,  +1.112,  -0.072,  +0.198
1606871030, +3.52, +15.581, +1147.93694,  +1.111,  -0.089,  +0.231
1606871035, +3.52, +15.530, +1055.47486,  +1.128,  -0.093,  +0.176
1606871040, +3.52, +15.513, +917.37279,  +1.104,  -0.100,  +0.216
1606871045, +3.52, +15.444, +1087.73368,  +1.107,  -0.119,  +0.232
1606871050, +3.51, +15.419, +1034.37102,  +1.112,  -0.079,  +0.227
1606871055, +3.51, +15.359, +1045.92503,  +1.113,  -0.073,  +0.198
1606871060, +3.52, +15.333, +1024.55416,  +1.112,  -0.089,  +0.239
1606871065, +3.51, +15.256, +1048.73027,  +1.107,  -0.141,  +0.240
1606871070, +3.51, +15.247, +984.19763,  +1.113,  -0.081,  +0.222
1606871075, +3.51, +15.187, +1049.91538,  +1.103,  -0.100,  +0.230
1606871080, +3.51, +15.110, +691.48304,  +1.103,  -0.101,  +0.252
1606871085, +3.51, +15.084, +667.85598,  +1.107,  -0.122,  +0.215
1606871090, +3.51, +15.041, +662.25149,  +1.103,  -0.128,  +0.241
1606871095, +3.51, +14.981, +653.57773,  +1.136,  -0.104,  +0.135
1606871100, +3.51, +14.912, +610.22094,  +1.105,  -0.096,  +0.224
1606871105, +3.52, +14.860, +567.41020,  +1.102,  -0.080,  +0.231
1606871110, +3.51, +14.826, +504.10467,  +1.136,  -0.096,  +0.056
1606871115, +3.51, +14.774, +671.42629,  +1.110,  -0.104,  +0.217
1606871120, +3.51, +14.748, +708.29351,  +1.116,  -0.119,  +0.243
1606871125, +3.51, +14.697, +753.22844,  +1.126,  -0.104,  +0.095
1606871130, +3.52, +14.645, +604.27742,  +1.112,  -0.104,  +0.214
1606871135, +3.51, +14.576, +688.27876,  +1.111,  -0.089,  +0.228
1606871140, +3.51, +14.550, +587.97400,  +1.107,  -0.100,  +0.291
1606871145, +3.51, +14.498, +580.49134,  +1.107,  -0.097,  +0.233
1606871150, +3.51, +14.412, +506.52288,  +1.120,  -0.080,  +0.215
1606871155, +3.51, +14.421, +668.24601,  +1.112,  -0.129,  +0.247
1606871160, +3.51, +14.351, +714.59706,  +1.107,  -0.137,  +0.227
1606871165, +3.51, +14.326,  +2.64083,  +1.095,  -0.129,  +0.228
1606871170, +3.51, +14.274,  +2.69484,  +1.100,  -0.117,  +0.238
1606871175, +3.51, +14.213,  -0.17041,  +1.116,  -0.082,  +0.228
1606871180, +3.51, +14.161,  +3.66092,  +1.111,  -0.125,  +0.211
1606871185, +3.51, +14.153,  -0.71946,  +1.104,  -0.137,  +0.236
1606871190, +3.51, +14.101,  +0.09361,  +1.104,  -0.077,  +0.206
1606871195, +3.51, +14.057,  +0.10861,  +1.115,  -0.080,  +0.204
1606871200, +3.51, +14.023,  -0.80647,  +1.112,  -0.116,  +0.236
1606871205, +3.51, +13.962,  +1.80676,  +1.112,  -0.097,  +0.246
1606871210, +3.51, +13.910,  -0.18542,  +1.111,  -0.124,  +0.300
1606871215, +3.51, +13.892,  +1.15270,  +1.111,  -0.130,  +0.238
1606871220, +3.51, +13.858,  +4.87003,  +1.112,  -0.100,  +0.185
1606871225, +3.51, +13.788,  +1.59074,  +1.110,  -0.096,  +0.220
1606871230, +3.51, +13.745,  +2.51782,  +1.116,  -0.077,  +0.240
1606871235, +3.51, +13.719,  +0.20462,  +1.116,  -0.120,  +0.230
1606871240, +3.51, +13.701,  -1.00749,  +1.120,  -0.089,  +0.220
1606871245, +3.51, +13.632,  +0.79567,  +1.142,  -0.126,  +0.040
1606871250, +3.51, +13.597,  -1.97057,  +1.119,  -0.101,  +0.236
1606871255, +3.51, +13.580,  +2.25080,  +1.112,  -0.090,  +0.233
1606871260, +3.51, +13.545,  +1.35672,  +1.096,  -0.113,  +0.230
1606871265, +3.51, +13.484,  -3.59071,  +1.108,  -0.127,  +0.240
1606871270, +3.51, +13.458,  +0.40564,  +1.118,  -0.095,  +0.236
1606871275, +3.51, +13.440,  -0.00240,  +1.119,  -0.121,  +0.225
1606871280, +3.51, +13.397,  +1.08970,  +1.115,  -0.136,  +0.239
1606871285, +3.51, +13.362,  +1.52173,  +1.120,  -0.100,  +0.248
1606871290, +3.51, +13.327,  +1.44073,  +1.105,  -0.096,  +0.230
1606871295, +3.51, +13.301,  +0.72966,  +1.107,  -0.096,  +0.236
1606871300, +3.51, +13.239,  -1.37352,  +1.105,  -0.109,  +0.236
1606871305, +3.51, +13.196,  -1.92857,  +1.119,  -0.095,  +0.220
1606871310, +3.51, +13.161,  +2.45181,  +1.120,  -0.089,  +0.235
1606871315, +3.51, +13.161,  -2.71764,  +1.108,  -0.098,  +0.225
1606871320, +3.51, +13.108,  -2.96066,  +1.107,  -0.089,  +0.254
1606871325, +3.51, +13.100,  +0.76267,  +1.100,  -0.145,  +0.268
1606871330, +3.51, +13.073,  +3.09687,  +1.116,  -0.106,  +0.239
1606871335, +3.51, +13.038,  -2.61863,  +1.112,  -0.085,  +0.224
1606871340, +3.51, +12.994,  +4.31498,  +1.115,  -0.109,  +0.240
1606871345, +3.51, +12.977,  +0.12061,  +1.120,  -0.092,  +0.224
1606871350, +3.51, +12.933,  -1.82056,  +1.112,  -0.089,  +0.220
1606871355, +3.51, +12.933,  -1.35252,  +1.107,  -0.116,  +0.247
1606871360, +3.51, +12.881,  +4.70501,  +1.110,  -0.089,  +0.241
1606871365, +3.51, +12.845,  -1.26851,  +1.119,  -0.089,  +0.211
1606871370, +3.51, +12.828,  +1.46773,  +1.116,  -0.089,  +0.212
1606871375, +3.51, +12.810,  +3.21688,  +1.107,  -0.104,  +0.233
1606871380, +3.51, +12.793,  -2.13859,  +1.116,  -0.097,  +0.231
1606871385, +3.51, +12.749,  +2.57483,  +1.110,  -0.084,  +0.215
1606871390, +3.51, +12.705,  -3.43170,  +1.113,  -0.096,  +0.223
1606871395, +3.51, +12.696,  -1.14850,  +1.123,  -0.081,  +0.241
1606871400, +3.51, +12.670,  +0.60665,  +1.104,  -0.138,  +0.231
1606871405, +3.51, +12.617,  +0.07561,  +1.111,  -0.097,  +0.222
1606871410, +3.51, +12.626,  -1.80556,  +1.105,  -0.130,  +0.222
1606871415, +3.51, +12.608,  +4.41399,  +1.116,  -0.084,  +0.220
1606871420, +3.51, +12.599,  -1.20551,  +1.113,  -0.093,  +0.246
1606871425, +3.51, +12.573,  +3.09687,  +1.121,  -0.077,  +0.248
1606871430, +3.51, +12.547,  +4.68101,  +1.103,  -0.104,  +0.255
1606871435, +3.51, +12.503,  -0.91448,  +1.111,  -0.080,  +0.233
1606871440, +3.51, +12.476,  -0.83647,  +1.102,  -0.152,  +0.244
1606871445, +3.51, +12.467,  -2.29760,  +1.124,  -0.077,  +0.227
1606871450, +3.51, +12.423,  +3.37590,  +1.134,  -0.082,  +0.209
1606871455, +3.51, +12.458,  -1.09150,  +1.103,  -0.050,  +0.119
1606871460, +3.51, +12.379,  +0.87668,  -0.449,  -0.089,  -0.751
1606871465, +3.51, +12.379,  -1.83556,  -0.472,  -0.100,  -0.744
1606871470, +3.51, +12.300,  +2.89285,  -0.448,  -0.088,  -0.762
1606871475, +3.51, +12.309,  -2.02158,  -0.441,  -0.096,  -0.784
1606871480, +3.51, +12.300,  -0.59345,  -0.465,  -0.101,  -0.786
1606871485, +3.51, +12.282,  -2.38461,  -0.453,  -0.092,  -0.749
1606871490, +3.51, +12.256,  -2.78664,  -0.450,  -0.111,  -0.776
1606871495, +3.51, +12.229,  +0.34563,  -0.464,  -0.095,  -0.745
1606871500, +3.51, +12.211,  -1.75155,  -0.481,  -0.089,  -0.777
1606871505, +3.51, +12.194,  +3.07287,  -0.471,  -0.106,  -0.761
1606871510, +3.51, +12.141,  -1.49053,  -0.447,  -0.103,  -0.761
1606871515, +3.51, +12.149,  +0.38163,  -0.473,  -0.132,  -0.712
1606871520, +3.51, +12.132,  -1.00149,  -0.376,  -0.064,  -1.012
1606871525, +3.51, +12.132,  +1.00869,  -0.473,  -0.104,  -0.744
1606871530, +3.51, +12.105,  -0.73746,  -0.452,  -0.090,  -0.769
1606871535, +3.51, +12.096,  +3.39990,  -0.473,  -0.103,  -0.775
1606871540, +3.51, +12.061,  -2.31260,  -0.479,  -0.113,  -0.770
1606871545, +3.51, +12.043,  +1.24271,  -0.461,  -0.124,  -0.740
1606871550, +3.51, +12.061,  +1.08970,  -0.477,  -0.109,  -0.776
1606871555, +3.51, +11.990,  -4.79382,  -0.455,  -0.100,  -0.753
1606871560, +3.51, +11.999,  -0.30843,  -0.457,  -0.113,  -0.737
1606871565, +3.51, +11.981,  +2.81185,  -0.516,  +1.176,  +0.247
1606871570, +3.51, +11.972,  -0.79447,  -0.541,  +1.166,  +0.259
1606871575, +3.51, +11.946,  -3.14367,  -0.541,  +1.172,  +0.275
1606871580, +3.51, +11.937,  -1.91057,  -0.513,  +1.158,  +0.271
1606871585, +3.51, +11.901,  -1.12750,  -0.548,  +1.161,  +0.305
1606871590, +3.51, +11.901,  +1.25771,  -0.527,  +1.159,  +0.284
1606871595, +3.51, +11.875,  -2.66363,  -0.532,  +1.167,  +0.270
1606871600, +3.51, +11.884,  +0.70566,  -0.552,  +1.136,  +0.324
1606871605, +3.51, +11.857,  -0.58745,  -0.519,  +1.159,  +0.280
1606871610, +3.51, +11.848,  +3.06087,  -0.528,  +1.179,  +0.248
1606871615, +3.51, +11.839,  -2.72964,  -0.548,  +1.167,  +0.252
1606871620, +3.50, +11.804,  +0.42664,  -0.528,  +1.159,  +0.271
1606871625, +3.51, +11.804,  +3.54991,  -0.537,  +1.176,  +0.284
1606871630, +3.51, +11.777,  +0.02160,  -0.544,  +1.148,  +0.319
1606871635, +3.50, +11.759,  +1.67475,  -0.520,  +1.159,  +0.278
1606871640, +3.51, +11.750,  -2.02158,  -0.528,  +1.072,  +0.302
1606871645, +3.51, +11.750,  +0.79567,  -0.532,  +1.151,  +0.281
1606871650, +3.50, +11.715,  +1.29971,  -0.530,  +1.164,  +0.259
1606871655, +3.50, +11.697,  +3.62492,  -0.552,  +1.135,  +0.248
1606871660, +3.50, +11.679,  -0.55145,  -0.528,  +1.180,  +0.255
1606871665, +3.50, +11.661,  -0.15241,  -0.541,  +1.161,  +0.263
1606871670, +3.50, +11.652,  +2.53282,  -0.557,  +1.148,  +0.270
1606871675, +3.50, +11.652,  -0.00840,  -0.543,  +1.148,  +0.326
1606871680, +3.50, +11.661,  +0.85567,  -0.520,  +1.167,  +0.270
1606871685, +3.50, +11.617,  +1.79776,  -0.530,  +1.153,  +0.273
1606871690, +3.50, +11.617,  +5.89912,  -0.552,  +1.176,  +0.247
1606871695, +3.50, +11.608,  +1.41672,  -0.521,  +1.168,  +0.255
1606871700, +3.50, +11.617,  +2.14579,  -0.543,  +1.177,  +0.262
1606871705, +3.50, +11.590,  +1.61174,  -0.527,  +1.159,  +0.271
1606871710, +3.50, +11.545,  +0.05460,  -0.527,  +1.167,  +0.270
1606871715, +3.50, +11.563,  +1.31772,  -0.544,  +1.127,  +0.284
1606871720, +3.50, +11.554,  +3.19288,  -0.544,  +1.160,  +0.273
1606871725, +3.50, +11.536,  +2.45781,  -0.540,  +1.161,  +0.263
1606871730, +3.50, +11.510,  -0.73146,  -0.432,  +1.155,  +0.035
1606871735, +3.50, +11.510,  +4.15296,  -0.530,  +1.155,  +0.288
1606871740, +3.50, +11.501,  +2.43681,  -0.522,  +1.174,  +0.265
1606871745, +3.50, +11.492,  -1.95857,  -0.536,  +1.155,  +0.271
1606871750, +3.50, +11.483,  -0.23942,  -0.521,  +1.155,  +0.273
1606871755, +3.50, +11.465,  +2.68884,  -0.521,  +1.143,  +0.295
1606871760, +3.50, +11.465,  -1.94357,  -0.528,  +1.159,  +0.254
1606871765, +3.50, +11.456,  +2.70384,  -0.553,  +1.161,  +0.273
1606871770, +3.50, +11.465,  +5.26006,  -0.548,  +1.159,  +0.272
1606871775, +3.50, +11.456,  +6.66418,  -0.544,  +1.142,  +0.327
1606871780, +3.50, +11.411,  +4.63300,  -0.551,  +1.164,  +0.272
1606871785, +3.50, +11.394,  -0.02340,  -0.532,  +1.161,  +0.271
1606871790, +3.50, +11.411,  +0.64566,  -0.532,  +1.160,  +0.272
1606871795, +3.50, +11.403,  -1.51753,  -0.522,  +1.171,  +0.254
1606871800, +3.50, +11.403,  +6.12114,  -0.548,  +1.176,  +0.267
1606871805, +3.50, +11.340,  +7.37524,  -0.544,  +1.161,  +0.275
1606871810, +3.50, +11.358,  +0.12961,  -0.552,  +1.161,  +0.276
1606871815, +3.50, +11.358,  -2.46562,  -0.519,  +1.166,  +0.280
1606871820, +3.50, +11.331,  +5.03504,  -0.525,  +1.166,  +0.240
1606871825, +3.50, +11.313,  +4.97503,  -0.543,  +1.172,  +0.249
1606871830, +3.50, +11.331,  +2.78184,  -0.525,  +1.167,  +0.248
1606871835, +3.50, +11.331,  -0.19142,  -0.544,  +1.164,  +0.259
1606871840, +3.50, +11.322,  -0.28442,  -0.548,  +1.168,  +0.272
1606871845, +3.50, +11.322,  +4.05395,  -0.541,  +1.163,  +0.279
1606871850, +3.50, +11.277,  +3.65192,  -0.544,  +1.159,  +0.272
1606871855, +3.50, +11.295,  +2.48482,  -0.548,  +1.171,  +0.255
1606871860, +3.50, +11.259,  -2.24060,  -0.548,  +1.176,  +0.263
1606871865, +3.50, +11.268,  +4.96903,  -0.520,  +1.171,  +0.255
1606871870, +3.50, +11.268,  +1.07769,  -0.541,  +1.176,  +0.252
1606871875, +3.50, +11.233,  +6.02813,  -0.519,  +1.169,  +0.257
1606871880, +3.50, +11.250,  +3.18088,  -0.537,  +1.176,  +0.259
1606871885, +3.50, +11.206,  +0.83467,  -0.543,  +1.169,  +0.273
1606871890, +3.50, +11.224,  +0.73566,  -0.544,  +1.167,  +0.279
1606871895, +3.50, +11.250,  +4.30298,  -0.545,  +1.160,  +0.275
1606871900, +3.50, +11.242,  +1.56074,  -0.541,  +1.168,  +0.263
1606871905, +3.50, +11.224,  +4.58200,  -0.532,  +1.177,  +0.264
1606871910, +3.50, +11.206,  +3.01586,  -0.552,  +1.175,  +0.264
1606871915, +3.50, +11.188,  +4.63901,  -0.554,  +1.167,  +0.284
1606871920, +3.50, +11.197,  +2.77884,  -0.552,  +1.164,  +0.275
1606871925, +3.50, +11.143,  +5.59009,  -0.535,  +1.136,  +0.316
1606871930, +3.50, +11.170,  +0.20462,  -0.517,  +1.153,  +0.272
1606871935, +3.50, +11.116,  +2.38281,  -0.535,  +1.176,  +0.259
1606871940, +3.50, +11.161,  +1.46173,  -0.546,  +1.174,  +0.271
1606871945, +3.50, +11.170,  +3.04887,  -0.527,  +1.176,  +0.257
1606871950, +3.50, +11.143,  +0.83167,  -0.537,  +1.167,  +0.271
1606871955, +3.50, +11.161,  +2.11578,  -0.541,  +1.171,  +0.264
1606871960, +3.50, +11.143,  +4.81002,  -0.529,  +1.159,  +0.273
1606871965, +3.50, +11.134,  +2.71284,  -0.532,  +1.163,  +0.272
1606871970, +3.50, +11.134,  +4.87003,  -0.532,  +1.134,  +0.339
1606871975, +3.50, +11.098,  +6.68518,  -0.541,  +1.167,  +0.271
1606871980, +3.50, +11.107,  +5.72810,  -0.537,  +1.145,  +0.323
1606871985, +3.50, +11.080,  +1.76775,  -0.537,  +1.164,  +0.275
1606871990, +3.50, +11.098,  +3.18388,  -0.541,  +1.168,  +0.273
1606871995, +3.50, +11.089,  +2.45181,  -0.541,  +1.155,  +0.268
1606872000, +3.50, +11.080,  +3.36689,  -0.537,  +1.167,  +0.275
1606872005, +3.50, +11.071,  +0.83467,  -0.545,  +1.135,  +0.326
1606872010, +3.50, +11.062,  +4.21297,  -0.537,  +1.164,  +0.268
1606872015, +3.50, +11.053,  +4.16796,  -0.541,  +1.160,  +0.273
1606872020, +3.50, +11.053,  +1.32972,  -0.532,  +1.167,  +0.280
1606872025, +3.50, +11.053,  +6.16014,  -0.551,  +1.143,  +0.329
1606872030, +3.50, +11.044,  +5.30206,  -0.537,  +1.168,  +0.281
1606872035, +3.50, +11.053,  -0.73746,  -0.528,  +1.176,  +0.260
1606872040, +3.50, +11.026,  -0.69246,  -0.536,  +1.172,  +0.252
1606872045, +3.50, +11.053,  +4.89703,  -0.536,  +1.171,  +0.255
1606872050, +3.50, +11.044,  +2.25380,  -0.525,  +1.174,  +0.268
1606872055, +3.50, +10.999,  +0.54065,  -0.537,  +1.169,  +0.252
1606872060, +3.50, +11.026,  +2.33780,  -0.530,  +1.167,  +0.273
1606872065, +3.50, +11.026,  +4.62400,  -0.528,  +1.168,  +0.264
1606872070, +3.50, +11.026,  +0.99369,  -0.522,  +1.155,  +0.270
1606872075, +3.50, +11.026,  -0.57845,  -0.528,  +1.168,  +0.278
1606872080, +3.50, +10.990,  +1.98677,  -0.517,  +1.168,  +0.246
1606872085, +3.50, +10.972,  +4.31798,  -0.560,  +1.176,  +0.272
1606872090, +3.50, +10.990,  +6.42416,  -0.532,  +1.177,  +0.255
1606872095, +3.50, +10.972,  +5.03204,  -0.537,  +1.174,  +0.263
1606872100, +3.50, +10.963,  +4.14396,  -0.537,  +1.166,  +0.268
1606872105, +3.50, +10.990,  +0.42364,  -0.543,  +1.171,  +0.279
1606872110, +3.50, +10.954,  +0.74166,  -0.538,  +1.144,  +0.329
1606872115, +3.50, +10.981,  -4.59580,  -0.551,  +1.166,  +0.280
1606872120, +3.50, +10.945,  +6.16314,  -0.544,  +1.158,  +0.295
1606872125, +3.50, +10.981,  -1.15150,  -0.530,  +1.166,  +0.249
1606872130, +3.50, +10.945,  -2.18359,  -0.551,  +1.180,  +0.263
1606872135, +3.50, +10.963,  +0.64866,  -0.532,  +1.171,  +0.271
1606872140, +3.50, +10.936,  -1.95557,  -0.546,  +1.159,  +0.273
1606872145, +3.50, +10.945,  +5.86311,  -0.537,  +1.159,  +0.263
1606872150, +3.50, +10.945,  +1.08669,  -0.535,  +1.136,  +0.307
1606872155, +3.50, +10.918,  -3.29669,  -0.520,  +1.159,  +0.275
1606872160, +3.50, +10.945,  -0.17342,  -0.537,  +1.129,  +0.323
1606872165, +3.50, +10.918,  +0.51665,  -0.516,  +1.163,  +0.263
1606872170, +3.50, +10.945,  +6.31615,  -0.537,  +1.171,  +0.268
1606872175, +3.49, +10.936,  -3.98975,  -0.536,  +1.175,  +0.259
1606872180, +3.50, +10.936,  -3.01166,  -0.537,  +1.176,  +0.270
1606872185, +3.50, +10.909,  +0.48064,  -0.532,  +1.171,  +0.252
1606872190, +3.49, +10.927,  +3.10287,  -0.543,  +1.171,  +0.270
1606872195, +3.49, +10.909,  +0.41464,  -0.536,  +1.176,  +0.263
1606872200, +3.49, +10.918,  -3.68372,  -0.548,  +1.177,  +0.271
1606872205, +3.49, +10.918,  -2.27660,  -0.525,  +1.171,  +0.255
1606872210, +3.49, +10.846,  -0.68946,  -0.537,  +1.167,  +0.278
1606872215, +3.49, +10.864,  +4.47699,  -0.527,  +1.159,  +0.263
1606872220, +3.49, +10.882,  +5.56309,  -0.533,  +1.134,  +0.295
1606872225, +3.49, +10.873,  -1.43053,  -0.548,  +1.160,  +0.278
1606872230, +3.49, +10.891,  -3.13167,  -0.527,  +1.135,  +0.323
1606872235, +3.49, +10.873,  +0.61865,  -0.537,  +1.167,  +0.271
1606872240, +3.49, +10.846,  -2.57663,  -0.552,  +1.143,  +0.326
1606872245, +3.49, +10.882,  +3.83494,  -0.530,  +1.164,  +0.268
1606872250, +3.49, +10.882,  +2.08878,  -0.548,  +1.176,  +0.257
1606872255, +3.49, +10.855,  -0.83347,  -0.530,  +1.176,  +0.263
1606872260, +3.49, +10.855,  +0.71766,  -0.532,  +1.167,  +0.260
1606872265, +3.49, +10.900,  +0.57365,  -0.537,  +1.174,  +0.263
1606872270, +3.49, +10.864,  -2.47762,  -0.530,  +1.171,  +0.262
1606872275, +3.49, +10.864,  +4.23397,  -0.532,  +1.176,  +0.243
1606872280, +3.49, +10.846,  -1.70655,  -0.541,  +1.169,  +0.270
1606872285, +3.49, +10.855,  +5.40107,  -0.537,  +1.160,  +0.273
1606872290, +3.49, +10.846,  -4.26577,  -0.536,  +1.159,  +0.268
1606872295, +3.49, +10.864,  -1.40052,  -0.532,  +1.142,  +0.316
1606872300, +3.49, +10.837,  +2.93186,  -0.528,  +1.167,  +0.271
1606872305, +3.49, +10.837,  -1.58954,  -0.548,  +1.142,  +0.329
1606872310, +3.49, +10.846,  -4.16076,  -0.551,  +1.171,  +0.273
1606872315, +3.49, +10.837,  +0.57365,  -0.521,  +1.171,  +0.255
1606872320, +3.49, +10.819,  -2.88265,  -0.522,  +1.169,  +0.251
1606872325, +3.49, +10.828,  +2.58683,  -0.552,  +1.171,  +0.262
1606872330, +3.49, +10.810,  -2.40561,  -0.527,  +1.175,  +0.260
1606872335, +3.49, +10.801,  -3.92074,  -0.530,  +1.167,  +0.248
1606872340, +3.49, +10.828,  -3.28469,  -0.528,  +1.174,  +0.252
1606872345, +3.49, +10.828,  -1.88656,  -0.538,  +1.168,  +0.255
1606872350, +3.49, +10.810,  +0.35763,  -0.537,  +1.159,  +0.271
1606872355, +3.49, +10.792,  -0.89648,  -0.525,  +1.158,  +0.263
1606872360, +3.49, +10.810,  -2.09958,  -0.525,  +1.129,  +0.304
1606872365, +3.49, +10.810,  -2.75664,  -0.559,  +1.167,  +0.279
1606872370, +3.49, +10.819,  +0.15961,  -0.520,  +1.136,  +0.326
1606872375, +3.49, +10.792,  -1.39452,  -0.535,  +1.160,  +0.279
1606872380, +3.49, +10.810,  +2.76984,  -0.548,  +1.144,  +0.329
1606872385, +3.49, +10.774,  -1.94957,  -0.535,  +1.161,  +0.271
1606872390, +3.49, +10.810,  +2.43981,  -0.525,  +1.167,  +0.268
1606872395, +3.49, +10.783,  -1.12150,  -0.528,  +1.142,  +0.332
1606872400, +3.49, +10.792,  -0.47944,  -0.548,  +1.159,  +0.271
1606872405, +3.49, +10.801,  -1.17850,  -0.520,  +1.132,  +0.316
1606872410, +3.49, +10.792,  -2.51062,  -0.525,  +1.164,  +0.273
1606872415, +3.49, +10.783,  -1.19950,  -0.531,  +1.131,  +0.327
1606872420, +3.49, +10.774,  -3.64772,  -0.538,  +1.167,  +0.265
1606872425, +3.49, +10.783,  -0.38943,  -0.537,  +1.168,  +0.272
1606872430, +3.49, +10.774,  +2.96786,  -0.516,  +1.171,  +0.248
1606872435, +3.49, +10.774,  -3.76173,  -0.538,  +1.171,  +0.263
1606872440, +3.49, +10.792,  -3.65372,  -0.538,  +1.171,  +0.248
1606872445, +3.49, +10.765,  -0.38943,  -0.530,  +1.174,  +0.255
1606872450, +3.49, +10.783,  -1.96457,  -0.535,  +1.171,  +0.268
1606872455, +3.49, +10.792,  -3.85774,  -0.530,  +1.174,  +0.255
1606872460, +3.49, +10.783,  +1.19470,  -0.528,  +1.164,  +0.260
1606872465, +3.49, +10.756,  +0.87368,  -0.545,  +1.176,  +0.252
1606872470, +3.49, +10.774,  +0.64566,  -0.532,  +1.179,  +0.260
1606872475, +3.49, +10.765,  -1.49653,  -0.540,  +1.169,  +0.262
1606872480, +3.49, +10.756,  +2.34681,  -0.529,  +1.172,  +0.267
1606872485, +3.49, +10.756,  -3.43470,  -0.544,  +1.167,  +0.272
1606872490, +3.49, +10.783,  +4.28197,  -0.530,  +1.159,  +0.255
1606872495, +3.49, +10.756,  -3.10767,  -0.541,  +1.176,  +0.259
1606872500, +3.49, +10.747,  -2.47462,  -0.532,  +1.176,  +0.255
1606872505, +3.49, +10.765,  -1.25351,  -0.528,  +1.171,  +0.260
1606872510, +3.49, +10.774,  -1.72755,  -0.543,  +1.176,  +0.263
1606872515, +3.49, +10.774,  -1.26251,  -0.537,  +1.175,  +0.263
1606872520, +3.49, +10.747,  -2.82865,  -0.533,  +1.167,  +0.262
1606872525, +3.49, +10.729,  +1.06869,  -0.541,  +1.174,  +0.255
1606872530, +3.49, +10.720,  -1.62554,  -0.528,  +1.174,  +0.259
1606872535, +3.49, +10.738,  -0.43144,  -0.544,  +1.168,  +0.255
1606872540, +3.49, +10.738,  +1.47373,  -0.544,  +1.167,  +0.275
1606872545, +3.49, +10.756,  -2.79564,  -0.544,  +1.161,  +0.275
1606872550, +3.49, +10.729,  -2.76864,  -0.533,  +1.132,  +0.327
1606872555, +3.49, +10.738,  +1.14070,  -0.525,  +1.166,  +0.271
1606872560, +3.49, +10.711,  +1.51273,  -0.537,  +1.134,  +0.318
1606872565, +3.49, +10.756,  -0.01440,  -0.538,  +1.153,  +0.268
1606872570, +3.49, +10.747,  -0.93848,  -0.537,  +1.158,  +0.288
1606872575, +3.49, +10.720,  -1.58954,  -0.520,  +1.175,  +0.259
1606872580, +3.49, +10.747,  -4.07676,  -0.528,  +1.167,  +0.251
1606872585, +3.49, +10.720,  -0.05040,  -0.551,  +1.176,  +0.263
1606872590, +3.49, +10.738,  -0.27242,  -0.529,  +1.176,  +0.251
1606872595, +3.49, +10.729,  -0.44644,  -0.536,  +1.168,  +0.265
1606872600, +3.49, +10.747,  -0.02040,  -0.528,  +1.167,  +0.248
1606872605, +3.49, +10.720,  -1.79356,  -0.529,  +1.169,  +0.260
1606872610, +3.49, +10.729,  -3.90574,  -0.544,  +1.171,  +0.273
1606872615, +3.49, +10.738,  -2.19559,  -0.532,  +1.167,  +0.268
1606872620, +3.49, +10.720,  -2.64263,  -0.541,  +1.144,  +0.319
1606872625, +3.49, +10.729,  -0.94448,  -0.553,  +1.167,  +0.275
1606872630, +3.49, +10.729,  -1.65854,  -0.541,  +1.140,  +0.319
1606872635, +3.49, +10.684,  +0.57965,  -0.530,  +1.163,  +0.270
1606872640, +3.49, +10.702,  -1.94657,  -0.543,  +1.134,  +0.316
1606872645, +3.49, +10.720,  -0.74346,  -0.541,  +1.158,  +0.275
1606872650, +3.49, +10.729,  -0.68046,  -0.521,  +1.129,  +0.318
1606872655, +3.49, +10.693,  +0.97569,  -0.521,  +1.161,  +0.271
1606872660, +3.49, +10.675,  +1.46473,  -0.536,  +1.134,  +0.329
1606872665, +3.49, +10.684,  -0.74346,  -0.544,  +1.167,  +0.263
1606872670, +3.49, +10.702,  -1.43053,  -0.537,  +1.164,  +0.271
1606872675, +3.49, +10.729,  -2.80465,  -0.513,  +1.168,  +0.248
1606872680, +3.49, +10.720,  -0.60845,  -0.544,  +1.171,  +0.265
1606872685, +3.49, +10.684,  +0.82567,  -0.544,  +1.174,  +0.271
1606872690, +3.49, +10.702,  +2.97986,  -0.521,  +1.171,  +0.263
1606872695, +3.49, +10.711,  -0.99849,  -0.536,  +1.172,  +0.255
1606872700, +3.49, +10.720,  +0.72966,  -0.541,  +1.171,  +0.263
1606872705, +3.49, +10.693,  +0.28262,  -0.544,  +1.182,  +0.255
1606872710, +3.49, +10.711,  -3.42570,  -0.527,  +1.169,  +0.262
1606872715, +3.49, +10.702,  +0.68166,  -0.545,  +1.167,  +0.263
1606872720, +3.49, +10.693,  +0.35763,  -0.544,  +1.168,  +0.263
1606872725, +3.49, +10.702,  +0.15961,  -0.541,  +1.176,  +0.255
1606872730, +3.49, +10.666,  +0.39363,  -0.532,  +1.180,  +0.251
1606872735, +3.49, +10.702,  +1.52473,  -0.529,  +1.171,  +0.255
1606872740, +3.49, +10.702,  -4.18177,  -0.545,  +1.168,  +0.254
1606872745, +3.49, +10.729,  -1.52653,  -0.544,  +1.180,  +0.248
1606872750, +3.49, +10.675,  +1.77976,  -0.520,  +1.176,  +0.252
1606872755, +3.49, +10.684,  -2.67263,  -0.545,  +1.168,  +0.252
1606872760, +3.49, +10.693,  -0.73146,  -0.553,  +1.179,  +0.271
1606872765, +3.49, +10.666,  +0.89168,  -0.548,  +1.180,  +0.255
1606872770, +3.49, +10.720,  -1.06149,  -0.532,  +1.172,  +0.252
1606872775, +3.49, +10.639,  -0.06541,  -0.535,  +1.166,  +0.263
1606872780, +3.49, +10.693,  +0.27962,  -0.536,  +1.164,  +0.262
1606872785, +3.49, +10.693,  +0.27062,  -0.516,  +1.167,  +0.247
1606872790, +3.49, +10.675,  -3.66872,  -0.516,  +1.174,  +0.252
1606872795, +3.49, +10.693,  -0.52145,  -0.537,  +1.175,  +0.264
1606872800, +3.49, +10.666,  -0.44044,  -0.537,  +1.171,  +0.257
1606872805, +3.49, +10.711,  +1.06869,  -0.520,  +1.171,  +0.248
1606872810, +3.49, +10.693,  -1.62554,  -0.520,  +1.168,  +0.262
1606872815, +3.49, +10.684,  +1.31772,  -0.541,  +1.164,  +0.262
1606872820, +3.49, +10.666,  -0.87248,  -0.535,  +1.168,  +0.263
1606872825, +3.49, +10.684,  -1.28651,  -0.524,  +1.171,  +0.252
1606872830, +3.49, +10.675,  -3.60572,  -0.521,  +1.169,  +0.263
1606872835, +3.49, +10.666,  +0.18362,  -0.548,  +1.177,  +0.260
1606872840, +3.49, +10.675,  +0.01260,  -0.535,  +1.176,  +0.259
1606872845, +3.49, +10.684,  +1.97177,  -0.524,  +1.167,  +0.251
1606872850, +3.49, +10.666,  -1.82956,  -0.532,  +1.175,  +0.259
1606872855, +3.48, +10.693,  +1.37472,  -0.544,  +1.174,  +0.268
1606872860, +3.48, +10.675,  -2.35761,  -0.535,  +1.171,  +0.249
1606872865, +3.48, +10.675,  +0.03060,  -0.528,  +1.171,  +0.248
1606872870, +3.48, +10.675,  -0.18242,  -0.543,  +1.167,  +0.252
1606872875, +3.48, +10.684,  -1.64954,  -0.541,  +1.175,  +0.248
1606872880, +3.48, +10.657,  +0.86168,  -0.532,  +1.176,  +0.252
1606872885, +3.48, +10.693,  +0.78367,  -0.532,  +1.168,  +0.260
1606872890, +3.48, +10.666,  +1.05069,  -0.543,  +1.171,  +0.255
1606872895, +3.48, +10.666,  +0.05460,  -0.544,  +1.171,  +0.262
1606872900, +3.48, +10.702,  -1.35852,  -0.525,  +1.176,  +0.259
1606872905, +3.48, +10.675,  +1.09570,  -0.528,  +1.171,  +0.248
1606872910, +3.48, +10.675,  -1.54754,  -0.528,  +1.159,  +0.249
1606872915, +3.48, +10.666,  -1.83856,  -0.528,  +1.168,  +0.255
1606872920, +3.48, +10.684,  +0.10561,  -0.520,  +1.167,  +0.252
1606872925, +3.48, +10.684,  +2.53882,  -0.516,  +1.164,  +0.243
1606872930, +3.48, +10.648,  +0.60065,  -0.537,  +1.167,  +0.249
1606872935, +3.48, +10.693,  -0.97148,  -0.561,  +1.171,  +0.263
1606872940, +3.48, +10.666,  -0.36843,  -0.548,  +1.177,  +0.252
1606872945, +3.48, +10.684,  -0.69246,  -0.532,  +1.176,  +0.262
1606872950, +3.48, +10.657,  +0.24062,  -0.544,  +1.171,  +0.263
1606872955, +3.48, +10.657,  -0.31143,  -0.545,  +1.172,  +0.248
1606872960, +3.48, +10.666,  -1.27751,  -0.533,  +1.174,  +0.251
1606872965, +3.48, +10.648,  -0.29643,  -0.528,  +1.171,  +0.260
1606872970, +3.48, +10.675,  +2.14579,  -0.532,  +1.166,  +0.252
1606872975, +3.48, +10.639,  +0.55865,  -0.537,  +1.174,  +0.268
1606872980, +3.48, +10.666,  -0.06541,  -0.529,  +1.175,  +0.263
1606872985, +3.48, +10.666,  -0.76747,  -0.537,  +1.167,  +0.249
1606872990, +3.48, +10.675,  +0.18662,  -0.543,  +1.174,  +0.265
1606872995, +3.48, +10.684,  -1.29851,  -0.544,  +1.176,  +0.265
1606873000, +3.48, +10.657,  +1.39572,  -0.532,  +1.177,  +0.270
1606873005, +3.48, +10.657,  -1.12750,  -0.541,  +1.174,  +0.263
1606873010, +3.48, +10.675,  +0.05160,  -0.537,  +1.174,  +0.263
1606873015, +3.48, +10.666,  -1.17550,  -0.548,  +1.172,  +0.262
1606873020, +3.48, +10.648,  -0.35343,  -0.532,  +1.176,  +0.259
1606873025, +3.48, +10.675,  -4.03775,  -0.532,  +1.175,  +0.262
1606873030, +3.48, +10.666,  -0.10741,  -0.543,  +1.180,  +0.268
1606873035, +3.48, +10.648,  -1.40052,  -0.532,  +1.169,  +0.252
1606873040, +3.48, +10.657,  +0.82267,  -0.521,  +1.167,  +0.262
1606873045, +3.48, +10.666,  +0.39963,  -0.528,  +1.166,  +0.263
1606873050, +3.48, +10.657,  -0.76447,  -0.537,  +1.167,  +0.255
1606873055, +3.48, +10.666,  -0.05040,  -0.529,  +1.167,  +0.252
1606873060, +3.48, +10.657,  +0.08761,  -0.516,  +1.168,  +0.255
1606873065, +3.48, +10.657,  -1.80256,  -0.543,  +1.171,  +0.268
1606873070, +3.48, +10.657,  -1.27451,  -0.543,  +1.171,  +0.268
1606873075, +3.48, +10.657,  +0.82867,  -0.536,  +1.177,  +0.263
1606873080, +3.48, +10.657,  -1.07649,  -0.524,  +1.167,  +0.252
1606873085, +3.48, +10.657,  +0.23162,  -0.529,  +1.167,  +0.252
1606873090, +3.48, +10.648,  -1.19050,  -0.532,  +1.176,  +0.263
1606873095, +3.48, +10.630,  -0.00840,  -0.521,  +1.169,  +0.248
1606873100, +3.48, +10.648,  +0.89768,  -0.532,  +1.167,  +0.271
1606873105, +3.48, +10.675,  -0.46744,  -0.536,  +1.176,  +0.263
1606873110, +3.48, +10.666,  -0.75547,  -0.521,  +1.166,  +0.259
1606873115, +3.48, +10.666,  +0.47164,  -0.537,  +1.171,  +0.254
1606873120, +3.48, +10.648,  -0.99549,  -0.537,  +1.175,  +0.259
1606873125, +3.48, +10.675,  +1.75875,  -0.535,  +1.171,  +0.263
1606873130, +3.48, +10.630,  +0.27062,  -0.538,  +1.159,  +0.259
1606873135, +3.48, +10.666,  -1.04349,  -0.532,  +1.159,  +0.271
1606873140, +3.48, +10.666,  -1.18750,  -0.521,  +1.159,  +0.262
1606873145, +3.48, +10.657,  -0.56645,  -0.557,  +1.144,  +0.329
1606873150, +3.48, +10.657,  -1.70655,  -0.535,  +1.167,  +0.279
1606873155, +3.48, +10.630,  -0.00240,  -0.541,  +1.134,  +0.327
1606873160, +3.48, +10.639,  -1.44553,  -0.463,  +1.139,  +0.062
1606873165, +3.48, +10.666,  -1.65554,  -0.538,  +1.151,  +0.286
1606873170, +3.48, +10.630,  +1.20371,  -0.530,  +1.171,  +0.259
1606873175, +3.48, +10.630,  +0.38763,  -0.529,  +1.171,  +0.255
1606873180, +3.48, +10.684,  -0.47944,  -0.552,  +1.167,  +0.281
1606873185, +3.48, +10.639,  -1.23551,  -0.552,  +1.161,  +0.286
1606873190, +3.48, +10.666,  -0.71946,  -0.527,  +1.135,  +0.327
1606873195, +3.48, +10.675,  -2.55862,  -0.528,  +1.159,  +0.268
1606873200, +3.48, +10.666,  +0.96368,  -0.544,  +1.135,  +0.335
1606873205, +3.48, +10.648,  -0.09541,  -0.511,  +1.187,  +0.327
1606873210, +3.48, +10.675,  -1.20251,  -0.544,  +1.131,  +0.320
1606873215, +3.48, +10.684,  -0.79747,  -0.519,  +1.160,  +0.270
1606873220, +3.48, +10.666,  -1.13050,  -0.544,  +1.155,  +0.351
1606873225, +3.48, +10.657,  +2.22379,  -0.552,  +1.148,  +0.238
1606873230, +3.48, +10.639,  -1.94057,  -0.532,  +1.174,  +0.296
1606873235, +3.48, +10.630,  +0.60365,  -0.557,  +1.126,  +0.302
1606873240, +3.48, +10.657,  -1.08850,  -0.557,  +1.148,  +0.240
1606873245, +3.48, +10.666,  +0.35163,  -0.552,  +1.155,  +0.236
1606873250, +3.48, +10.702,  -1.54153,  -0.535,  +1.184,  +0.287
1606873255, +3.48, +10.657,  +1.64474,  -0.534,  +1.171,  +0.255
1606873260, +3.48, +10.648,  +0.73866,  -0.538,  +1.169,  +0.248
1606873265, +3.48, +10.675,  +2.61083,  -0.520,  +1.174,  +0.263
1606873270, +3.48, +10.648,  +1.02669,  -0.541,  +1.167,  +0.262
1606873275, +3.48, +10.639,  +2.09178,  -0.541,  +1.171,  +0.263
1606873280, +3.48, +10.657,  -0.32943,  -0.537,  +1.171,  +0.259
1606873285, +3.48, +10.657,  +0.18962,  -0.527,  +1.171,  +0.255
1606873290, +3.48, +10.666,  +0.60365,  -0.537,  +1.167,  +0.268
1606873295, +3.48, +10.648,  +2.07978,  -0.537,  +1.169,  +0.255
1606873300, +3.48, +10.666,  +0.19562,  -0.528,  +1.175,  +0.255
1606873305, +3.48, +10.639,  -0.86348,  -0.548,  +1.176,  +0.248
1606873310, +3.48, +10.666,  -0.60245,  -0.521,  +1.167,  +0.275
1606873315, +3.48, +10.657,  -0.93248,  -0.573,  +1.219,  +0.080
1606873320, +3.48, +10.666,  +2.05878,  -1.276,  -0.353,  +0.502
1606873325, +3.48, +10.666,  +1.10770,  -1.292,  -0.468,  +0.280
1606873330, +3.48, +10.639,  +0.96668,  -1.345,  -0.341,  +0.492
1606873335, +3.48, +10.648,  +0.75667,  -1.279,  -0.351,  +0.284
1606873340, +3.48, +10.675,  +2.79084,  -1.322,  -0.392,  +0.311
1606873345, +3.48, +10.648,  +0.22562,  -1.343,  -0.541,  +0.300
1606873350, +3.48, +10.621,  +1.33572,  -1.152,  -0.945,  +0.340
1606873355, +3.48, +10.648,  +1.76475,  -0.074,  +0.508,  +1.091
1606873360, +3.48, +10.675,  +6.24715,  +0.167,  -0.031,  +1.265
1606873365, +3.48, +10.657,  +2.13079,  +0.771,  +1.415,  +0.230
1606873370, +3.48, +10.657,  +1.74975,  -0.474,  +1.183,  +0.691
1606873375, +3.48, +10.648,  -0.37443,  +0.632,  -0.737,  -0.642
1606873380, +3.48, +10.648,  +2.19979,  +1.056,  -0.453,  -0.297
1606873385, +3.48, +10.666,  -0.24542,  +1.070,  -0.376,  -0.317
1606873390, +3.48, +10.585,  -0.26042,  +0.433,  -1.064,  -0.397
1606873395, +3.48, +10.603,  -1.74255,  +0.127,  -1.040,  -0.599
1606873400, +3.48, +10.630,  +0.58565,  -0.881,  -1.113,  -0.005
